accuracy = 0.8850562578624651
eval_loss = 0.3371218325682951
f1_score = 0.7559515712148007
precision = 0.759089632772006
recall = 0.7528393482105897
